49.4800881, 8.4699594
49.4800551, 8.4701031
49.4800507, 8.4701282
49.4800507, 8.4701282
49.4800401, 8.4702028
49.4800362, 8.4702404
49.4800349, 8.4702764
49.4800417, 8.4703242
49.4800477, 8.4703591
49.4800545, 8.4703892
49.4800634, 8.4704186
49.4800701, 8.4704348
49.4800781, 8.4704543
49.4800838, 8.4704685
49.480097, 8.4704955
49.4801087, 8.4705143
49.4801655, 8.4705982
49.4802097, 8.4706498
49.4802704, 8.4707057
49.4802704, 8.4707057
49.480966, 8.4713711
49.4810257, 8.471432
49.4811122, 8.4714884
49.4811475, 8.4715114
49.4814106, 8.4717056
49.4814106, 8.4717056
49.4816203, 8.4719163
49.4816203, 8.4719163
49.4817687, 8.4720638
49.4817687, 8.4720638
49.481838, 8.4721369
49.4818745, 8.4722011
49.4818947, 8.4722594
49.4819109, 8.4723245
49.4819221, 8.4723984
49.4819264, 8.4724627
49.481926, 8.4725181
49.481923, 8.4725624
49.4819161, 8.4726144
49.4819069, 8.4726627
49.4818902, 8.4727222
49.4818685, 8.4727882
49.4818685, 8.4727882
49.4817752, 8.4730055
49.4817645, 8.4730329
49.4816824, 8.4732425
49.4815891, 8.4734799
49.4815719, 8.4735233
49.4815702, 8.4735276
49.4815702, 8.4735276
49.4815594, 8.4735611
49.4815504, 8.4735978
49.4815438, 8.4736323
49.48154, 8.473668
49.4815391, 8.4737
49.4815402, 8.473728
49.4815426, 8.473751
49.4815463, 8.4737754
49.4815511, 8.4738068
49.4815605, 8.4738612
49.4815675, 8.4739078
49.4815711, 8.4739514
49.4815696, 8.474001
49.4815666, 8.4740316
49.4815613, 8.4740854
49.4815437, 8.4741801
49.4815289, 8.4742542
49.4814412, 8.4746933
49.4814412, 8.4746933
49.4813738, 8.4750305
49.4811833, 8.4759918
49.4811111, 8.4763543
49.4810548, 8.4766319
49.4809072, 8.477362
49.4808571, 8.4775655
49.4808503, 8.4775929
49.4806809, 8.4781433
49.4805872, 8.4784492
49.4802701, 8.4794847
49.4801073, 8.4799688
49.4798979, 8.4805156
49.4797861, 8.4808075
49.4797553, 8.4808735
49.4797136, 8.4809487
49.4796657, 8.4810139
49.47954, 8.4811717
49.4793124, 8.4814465
49.4789123, 8.4819407
49.4788251, 8.4820446
49.4787177, 8.4821727
49.4787004, 8.4821933
49.4782327, 8.4827644
49.4779388, 8.4831293
49.477685, 8.4834346
49.4774617, 8.4837206
49.4772032, 8.4840795
49.4770907, 8.4842739
49.4768952, 8.484651
49.4767703, 8.4849259
49.4766535, 8.4852418
49.4765907, 8.4854426
49.4765389, 8.4856282
49.4765277, 8.4856759
49.4764693, 8.4859248
49.4764629, 8.4859754
49.4764158, 8.4861926
49.4763748, 8.4864564
49.4763449, 8.4867091
49.4763145, 8.4871063
49.4763134, 8.4871954
49.476312, 8.4873129
49.4763117, 8.4873698
49.4763117, 8.4873698
49.4763112, 8.4876494
49.4763165, 8.4877984
49.4763285, 8.4880897
49.4763421, 8.4882395
49.476352, 8.4883099
49.4763672, 8.4884228
49.4763767, 8.4884632
49.4764056, 8.488634
49.4764188, 8.4886998
49.4764996, 8.4891811
49.4765232, 8.4893154
49.4766494, 8.4900332
49.4766764, 8.4901959
49.4766974, 8.4903223
49.4767304, 8.4905219
49.4767558, 8.4906246
49.4767808, 8.4906993
49.4768076, 8.490763
49.4768076, 8.490763
49.4768349, 8.4908125
49.4768657, 8.4908646
49.4768877, 8.4908944
49.4769234, 8.4909368
49.4769722, 8.4909901
49.4775445, 8.4915142
49.4775988, 8.4915648
49.4776466, 8.4916082
49.4777356, 8.4916894
49.4778454, 8.4917896
49.477906, 8.4918449
49.4779521, 8.4918869
49.4779904, 8.4919219
49.478572, 8.4924539
49.4792339, 8.4930699
49.479346, 8.4931864
49.479408, 8.493276
49.4794588, 8.4933715
49.4795016, 8.4934885
49.479519, 8.4935494
49.4795276, 8.493593
49.479542, 8.4936779
49.479552, 8.4938015
49.479549, 8.4939058
49.4795441, 8.4939726
49.4795354, 8.4940403
49.4795098, 8.4941564
49.4794541, 8.4943202
49.4793824, 8.4945032
49.4793824, 8.4945032
49.4789751, 8.4955502
49.4786343, 8.4964265
49.4785361, 8.4966791
49.4785023, 8.4967648
49.4783057, 8.4972819
49.4782191, 8.4975583
49.4781593, 8.4978202
49.4781142, 8.498104
49.4781142, 8.498104
49.4780908, 8.498366
49.4780709, 8.4986469
49.4780572, 8.4988239
49.4780397, 8.4991357
49.4780016, 8.4996978
49.4779671, 8.500247
49.4779267, 8.5007899
49.4778909, 8.501341
49.4778664, 8.5017856
49.4778537, 8.5020594
49.4778461, 8.5022229
49.4778326, 8.502782
49.477821, 8.5033977
49.4778236, 8.503677
49.4778217, 8.5039984
49.4778259, 8.5049352
49.4778293, 8.5051664
49.4778399, 8.5053435
49.4778608, 8.5055061
49.4778988, 8.505699
49.4779525, 8.5059046
49.4780123, 8.506096
49.4780839, 8.5062993
49.478132, 8.5064439
49.4782156, 8.506696
49.4783415, 8.5071071
49.4784262, 8.50749
49.4784652, 8.5076955
49.478543, 8.508268
49.4785639, 8.5086449
49.47857, 8.5089766
49.4785626, 8.5093378
49.4785419, 8.5098712
49.4785172, 8.5104263
49.4784926, 8.5111079
49.4784648, 8.5117695
49.4784488, 8.5127687
49.4784426, 8.5131956
49.4784426, 8.5132111
49.4784427, 8.5141584
49.4784442, 8.5151376
49.4784454, 8.5161589
49.4784409, 8.5167834
49.478432, 8.5174335
49.4784224, 8.5179443
49.4784126, 8.5181534
49.4783803, 8.5187348
49.4783632, 8.5190684
49.4783621, 8.519089
49.4783251, 8.5196294
49.4783018, 8.5199364
49.4782941, 8.5200386
49.47828, 8.5202149
49.4782571, 8.5204967
49.4782417, 8.520673
49.4782358, 8.5207506
49.4782196, 8.5209543
49.4782067, 8.5210333
49.4782067, 8.5210333
49.4781771, 8.5211827
49.4781457, 8.5213284
49.4781009, 8.5214704
49.4779867, 8.5217612
49.4779314, 8.5219044
49.4777156, 8.5224649
49.4776844, 8.5225457
49.4776844, 8.5225457
49.4774512, 8.5231576
49.4774512, 8.5231576
49.4773776, 8.5233547
49.4773557, 8.523414
49.4773557, 8.523414
49.4773078, 8.5235398
49.4772019, 8.5237461
49.4771075, 8.5238524
49.4769952, 8.5239488
49.476865, 8.5240221
49.476865, 8.5240221
49.4768188, 8.5240639
49.4767816, 8.5240975
49.4767816, 8.5240975
49.4766944, 8.5241679
49.4766944, 8.5241679
49.4763397, 8.5243809
49.4763397, 8.5243809
49.476254, 8.5244148
49.4761992, 8.5244343
49.4761313, 8.5244529
49.4760528, 8.5244692
49.4760321, 8.524471
49.4759245, 8.5244757
49.4758592, 8.5244736
49.4757904, 8.5244656
49.4757216, 8.5244524
49.4757216, 8.5244524
49.4755891, 8.5244195
49.4755524, 8.5244078
49.4754554, 8.524377
49.4753131, 8.5243222
49.4750561, 8.5242273
49.4748635, 8.5241559
49.4746893, 8.5240913
49.4746784, 8.5240878
49.4745956, 8.524061
49.474547, 8.5240469
49.474488, 8.5240318
49.4743089, 8.5239973
49.4741502, 8.5239824
49.4739161, 8.5239861
49.4737281, 8.5240187
49.4735367, 8.5240571
49.4732191, 8.524173
49.4730496, 8.5242285
49.4728875, 8.5242504
49.4727566, 8.5242594
49.4725643, 8.5242401
49.4724328, 8.52421
49.4722922, 8.5241607
49.4721752, 8.5241052
49.4720708, 8.5240461
49.4719481, 8.5239619
49.4718352, 8.5238694
49.4717297, 8.5237681
49.4713846, 8.5233995
49.4713276, 8.5233369
49.471051, 8.5230943
49.4709945, 8.5230452
49.4708456, 8.5229297
49.470729, 8.5228395
49.4705559, 8.5227071
49.4704497, 8.52263
49.4703319, 8.522562
49.4702261, 8.5225028
49.4700329, 8.5224225
49.4698917, 8.5223706
49.4696551, 8.5222998
49.4695641, 8.5222812
49.469415, 8.5222515
49.4683838, 8.5220568
49.4680718, 8.5219995
49.4680327, 8.5219925
49.4678986, 8.5219678
49.4677941, 8.5219466
49.4676715, 8.5219153
49.4675585, 8.5218791
49.4674603, 8.521841
49.4671578, 8.5216924
49.4669754, 8.5215952
49.4663565, 8.5212702
49.4663013, 8.5212406
49.4659322, 8.5210479
49.4656113, 8.5208777
49.4654412, 8.5207857
49.4652861, 8.5206676
49.465142, 8.5205479
49.4650131, 8.520435
49.4642036, 8.5197204
49.4641314, 8.5196571
49.4633952, 8.5189982
49.4632201, 8.5188436
49.4630531, 8.5187081
49.4629289, 8.518605
49.4628744, 8.5185644
49.4628744, 8.5185644
49.4625908, 8.5183394
49.4622224, 8.5180222
49.4619968, 8.5178233
49.4619968, 8.5178233
49.4619532, 8.5177839
49.460614, 8.5165976
49.4605116, 8.5165303
49.4604234, 8.5165041
49.4603369, 8.5165031
49.4602601, 8.5165299
49.4601887, 8.5165712
49.4601241, 8.516629
49.4600544, 8.516725
49.4600082, 8.5168177
49.45987, 8.51715