49.4787832, 8.496451
49.478786, 8.4964437
49.4789488, 8.4960237
49.4790942, 8.4956484
49.4791488, 8.4954702
49.4791799, 8.4953556
49.4791799, 8.4953556
49.4792173, 8.4952508
49.4795421, 8.4944148
49.4795421, 8.4944148
49.4795971, 8.4942745
49.4796252, 8.4942004
49.4796539, 8.4940883
49.4796539, 8.4940883
49.4796667, 8.4940071
49.4796729, 8.4939164
49.4796754, 8.4938101
49.4796754, 8.4938101
49.4796588, 8.4936637
49.479633, 8.4935449
49.479633, 8.4935449
49.4796193, 8.4934984
49.479594, 8.493426
49.4795732, 8.4933677
49.4795172, 8.4932571
49.4795172, 8.4932571
49.4794404, 8.4931581
49.479336, 8.4930476
49.4790051, 8.4927299
49.4786102, 8.4923507
49.4786102, 8.4923507
49.4781287, 8.4918886
49.4781287, 8.4918886
49.4780536, 8.4918182
49.4780223, 8.4917888
49.4779944, 8.4917626
49.4779475, 8.4917179
49.4779475, 8.4917179
49.4778176, 8.4915968
49.4778176, 8.4915968
49.477696, 8.4914827
49.477696, 8.4914827
49.4776488, 8.4914384
49.4776056, 8.4913979
49.4775479, 8.4913383
49.4775479, 8.4913383
49.4774939, 8.4912857
49.4774939, 8.4912857
49.4771336, 8.4909453
49.4771336, 8.4909453
49.4770079, 8.4909748
49.4769722, 8.4909901
49.4769722, 8.4909901
49.4769438, 8.4910146
49.476917, 8.4910388
49.4768999, 8.4910636
49.4768999, 8.4910636
49.4768501, 8.4911654
49.4767961, 8.4913414
49.4767179, 8.4916318
49.4767179, 8.4916318
49.4764829, 8.492235
49.4764829, 8.492235
49.4764152, 8.4924088
49.4764152, 8.4924088
49.4763606, 8.4925489
49.4761202, 8.4931661
49.4761202, 8.4931661
49.4760563, 8.4933768
49.4756692, 8.4943928
49.4756692, 8.4943928
49.4755783, 8.4944716
49.4754971, 8.4945901
49.4754373, 8.4946594
49.4754224, 8.4946703
49.4752987, 8.4947984
49.4751786, 8.4949104
49.4751569, 8.4949306
49.4751083, 8.4949753
49.4750006, 8.4950743
49.474862, 8.4952368
49.4747185, 8.4954533
49.474666, 8.4955796
49.4746323, 8.4956904
49.4745947, 8.4958123
49.4745869, 8.4958378
49.4745372, 8.4960302
49.4737582, 8.4980539
49.4744933, 8.4961432
49.4745372, 8.4960302
49.473487, 8.4987344
49.4735899, 8.4984769
49.4737016, 8.4981974
49.4737582, 8.4980539
49.4732809, 8.4992651
49.4734646, 8.498792
49.473487, 8.4987344
49.4737821, 8.4997925
49.4732809, 8.4992651
49.4738676, 8.499876
49.4737821, 8.4997925
49.4738676, 8.499876
49.4740113, 8.5000771
49.4741233, 8.5002001
49.4741568, 8.500275
49.4741764, 8.5003478
49.4741886, 8.5004318
49.4741851, 8.5005343
49.4741746, 8.5005611
49.473488, 8.5023217
49.473365, 8.5026405
49.4732161, 8.5030375
49.4730682, 8.5034429
49.4728816, 8.5039666
49.4728816, 8.5039666
49.4726563, 8.5045925
49.4724256, 8.5052455
49.4722564, 8.5057102
49.4720953, 8.5061413
49.472016, 8.5063455
49.47182, 8.5068506
49.4717907, 8.5069236
49.4717618, 8.5069921
49.4717021, 8.507129
49.4717021, 8.507129
49.4716507, 8.5072414
49.4715976, 8.5073649
49.471552, 8.507473
49.4715143, 8.5075654
49.4715143, 8.5075654
49.4711441, 8.5085181
49.4711094, 8.5086078
49.4710648, 8.5087232
49.4710648, 8.5087232
49.4709908, 8.5089115
49.4709613, 8.5089885
49.4709353, 8.5090646
49.4708983, 8.5091716
49.4708682, 8.5092642
49.4708682, 8.5092642
49.4708479, 8.5093284
49.4708238, 8.5094004
49.4707837, 8.5095135
49.470626, 8.5099145
49.470626, 8.5099145
49.4705113, 8.5102141
49.4699283, 8.5117129
49.4699283, 8.5117129
49.4696124, 8.5125247
49.4692478, 8.5134499
49.4692478, 8.5134499
49.4691175, 8.5135855
49.4691175, 8.5135855
49.4689464, 8.5140018
49.4688033, 8.5143181
49.4686828, 8.514594
49.4685779, 8.5148572
49.4685779, 8.5148572
49.4680461, 8.5163643
49.4676498, 8.5175548
49.4676498, 8.5175548
49.4674752, 8.5180844
49.4674752, 8.5180844
49.4673202, 8.5185763
49.4673202, 8.5185763
49.4671222, 8.5192042
49.4671222, 8.5192042
49.4670052, 8.519331
49.4669396, 8.5193987
49.4668684, 8.5194435
49.4668013, 8.5194687
49.466722, 8.5194784
49.4666433, 8.5194637
49.4665682, 8.5194363
49.4665052, 8.5193954
49.4664413, 8.5193372
49.4663957, 8.5192811
49.466358, 8.5192151
49.4663311, 8.5191495
49.4663033, 8.5190704
49.4662753, 8.5189649
49.466258, 8.5188484
49.4662547, 8.5187365
49.4662656, 8.5186265
49.4662871, 8.5185102
49.4663229, 8.5183946
49.4663668, 8.5183093
49.4664056, 8.5182413
49.4664407, 8.5181961
49.466474, 8.5181573
49.4665363, 8.5181091
49.4665983, 8.5180765
49.4666512, 8.5180573
49.4667075, 8.5180474
49.4667441, 8.5180481
49.4669881, 8.5180858
49.4669881, 8.5180858
49.4679981, 8.5189807
49.4679981, 8.5189807
49.46887, 8.5197435
49.469297, 8.5200956
49.469297, 8.5200956
49.4694831, 8.5202412
49.4694831, 8.5202412
49.4706495, 8.5211214
49.4706495, 8.5211214
49.47085, 8.521262
49.47085, 8.521262
49.4713789, 8.5216148
49.4719618, 8.5219871
49.4719618, 8.5219871
49.4724428, 8.5222677
49.4732703, 8.5227254
49.4732703, 8.5227254
49.4734132, 8.5227987
49.4735435, 8.5228648
49.4735435, 8.5228648
49.4736081, 8.5228983
49.4736081, 8.5228983
49.4738727, 8.5230334
49.4738727, 8.5230334
49.4746312, 8.5233707
49.4746312, 8.5233707
49.4753623, 8.5236955
49.4753623, 8.5236955
49.4757544, 8.523852
49.4760744, 8.5239756
49.4760744, 8.5239756
49.4763242, 8.5240754
49.4767288, 8.5242255
49.4775277, 8.5244658
49.4779161, 8.5245483
49.4779161, 8.5245483
49.4781727, 8.5245842
49.4783937, 8.5245987
49.4786212, 8.5245918
49.478841, 8.5245779
49.4790567, 8.5245483
49.4792605, 8.5245004
49.4795784, 8.5244104
49.4798952, 8.5242838
49.4803159, 8.5240589
49.4803159, 8.5240589
49.4806722, 8.5238165
49.4809399, 8.523604
49.4811872, 8.5233774
49.4814092, 8.5231464
49.4816826, 8.5228055
49.4816826, 8.5228055
49.4820005, 8.5223623
49.4822481, 8.5219707
49.4825367, 8.521483
49.4825367, 8.521483
49.4828546, 8.52091
49.4831697, 8.5203764
49.4831697, 8.5203764
49.4832806, 8.5202056
49.4832806, 8.5202056
49.4836809, 8.5195799
49.4839847, 8.5191756
49.4843076, 8.5187975
49.4844813, 8.5186174
49.484676, 8.518432
49.485122, 8.51808
49.4854602, 8.5178641
49.4860083, 8.5176076
49.4860083, 8.5176076
49.4861929, 8.5175455
49.4863283, 8.5175173
49.4865772, 8.5174925
49.4867221, 8.5174874
49.4870401, 8.5174977
49.4873916, 8.5175145
49.4873916, 8.5175145
49.4878861, 8.5175859
49.4878861, 8.5175859
49.4883125, 8.517654
49.4883125, 8.517654
49.4884341, 8.5177199
49.4884715, 8.5177366
49.4884715, 8.5177366
49.4885329, 8.5177625
49.4885329, 8.5177625
49.4886007, 8.5177864
49.4886452, 8.5178021
49.4887225, 8.5178293
49.4887225, 8.5178293
49.4887742, 8.5178619
49.4888135, 8.5178868
49.4889419, 8.5179569
49.4889419, 8.5179569
49.489136, 8.5180579
49.4892232, 8.5181033
49.4895249, 8.5182995
49.4898355, 8.518541
49.4900283, 8.518759
49.4901807, 8.5189634
49.4902719, 8.5191044
49.4902719, 8.5191044
49.4905048, 8.5194839
49.4907756, 8.5198626
49.4907756, 8.5198626
49.4909501, 8.5200719
49.4911255, 8.520266
49.4912546, 8.5203905
49.4912546, 8.5203905
49.4916082, 8.5206776
49.4919736, 8.5209032
49.4922134, 8.5210178
49.4923285, 8.5210647
49.4924822, 8.5211132
49.4926867, 8.5211635
49.4928533, 8.5211879
49.4929864, 8.5211946
49.4931085, 8.521194
49.4933182, 8.5211826
49.493579, 8.5211543
49.4937446, 8.5211076
49.4939441, 8.521029
49.4939441, 8.521029
49.4941925, 8.5209182
49.4941925, 8.5209182
49.4942935, 8.52087
49.4942935, 8.52087
49.494439, 8.5208661
49.4944908, 8.520849
49.4945198, 8.5208412
49.4945437, 8.5208358
49.4945727, 8.5208334
49.4945901, 8.5208344
49.4946098, 8.5208387
49.4946411, 8.5208485
49.4946715, 8.5208584
49.4946888, 8.5208689
49.4947109, 8.5208849
49.4947295, 8.5209006
49.4947541, 8.520924
49.4947763, 8.5209504
49.4947954, 8.5209759
49.4948124, 8.5210033
49.4948229, 8.5210204
49.4948325, 8.5210399
49.4948325, 8.5210399
49.4948374, 8.5210569
49.494843, 8.521074
49.4948486, 8.5210951
49.4948571, 8.5211255
49.4948674, 8.5211722
49.494877, 8.5212318
49.4949118, 8.5215494
49.495002, 8.522815
49.4950557, 8.5234469
49.4950557, 8.5234469
49.4951067, 8.5239953
49.4951374, 8.5242281
49.4953309, 8.5241792
49.4952917, 8.5241869
49.4952637, 8.5241946
49.4952399, 8.5242011
49.4951374, 8.5242281
49.4953309, 8.5241792
49.495232, 8.5235555
49.4952047, 8.5234296
49.4960926, 8.5230758
49.4960163, 8.5232489
49.4952565, 8.5234181
49.4952047, 8.5234296
49.4960926, 8.5230758
49.4963047, 8.5230324
49.4963047, 8.5230324
49.4964219, 8.5230517
49.4965569, 8.5230214
49.4965569, 8.5230214
49.4964579, 8.5220702
49.4964562, 8.5220537