49.4801715, 8.4506917
49.479938, 8.4507645
49.4797522, 8.4508224
49.4797522, 8.4508224
49.4797181, 8.4508315
49.4797181, 8.4508315
49.4796729, 8.4508463
49.4796447, 8.4508576
49.4796286, 8.4508647
49.4795895, 8.4508839
49.4795652, 8.4508987
49.479532, 8.4509229
49.4795142, 8.4509383
49.4794913, 8.4509622
49.4794627, 8.450995
49.4794627, 8.450995
49.4793925, 8.4511108
49.4793925, 8.4511108
49.4793743, 8.4511461
49.4793444, 8.4512299
49.4793288, 8.4512951
49.4793126, 8.4513744
49.4793126, 8.4513744
49.4793112, 8.4513942
49.4793039, 8.4514784
49.479304, 8.4515704
49.4793158, 8.4516742
49.4793256, 8.4517287
49.4793406, 8.4517976
49.4793406, 8.4517976
49.4793617, 8.4518722
49.4794525, 8.4521211
49.4795777, 8.4524741
49.4797851, 8.453083
49.4801143, 8.4540939
49.4801143, 8.4540939
49.4801601, 8.4542264
49.4802375, 8.4544443
49.48032, 8.4546685
49.4809855, 8.4560946
49.4810539, 8.4562412
49.4817981, 8.4578083
49.4819937, 8.458192
49.4820647, 8.4583082
49.4821308, 8.4583993
49.482208, 8.458495
49.4822347, 8.4585205
49.4822347, 8.4585205
49.482314, 8.4585981
49.4823578, 8.4586285
49.482399, 8.4586552
49.4824664, 8.4586909
49.4825067, 8.4587074
49.4825561, 8.4587244
49.4826442, 8.458743
49.4826619, 8.4587455
49.4826619, 8.4587455
49.4826772, 8.4587476
49.4827886, 8.4587588
49.482939, 8.4587753
49.482973, 8.4587788
49.482973, 8.4587788
49.4830183, 8.4587861
49.4830808, 8.4588039
49.4831624, 8.4588384
49.4832494, 8.4589015
49.4833011, 8.4589514
49.4833468, 8.4590222
49.4833926, 8.4591031
49.4834335, 8.4591973
49.4834628, 8.459296
49.4834808, 8.4593723
49.4834955, 8.4594786
49.4834992, 8.4595752
49.483495, 8.459675
49.4834883, 8.4597445
49.483475, 8.4598216
49.4834483, 8.4599228
49.4834201, 8.4600164
49.4833945, 8.4600834
49.4833275, 8.4602151
49.4833275, 8.4602151
49.4832824, 8.4603011
49.4831475, 8.4605318
49.482991, 8.4608004
49.4828293, 8.4610906
49.4827085, 8.4613489
49.4826328, 8.4615256
49.4825606, 8.4617238
49.4824829, 8.4619638
49.4824097, 8.4622272
49.4823201, 8.4626219
49.4822264, 8.4630959
49.4821803, 8.4633463
49.4821342, 8.4635966
49.4821342, 8.4635966
49.4820788, 8.4638803
49.4820575, 8.4639902
49.4820575, 8.4639902
49.4820369, 8.464097
49.4820163, 8.4641971
49.4819901, 8.4642969
49.4819324, 8.4645161
49.4818358, 8.4648461
49.4817946, 8.4650005
49.4817817, 8.4650489
49.4817817, 8.4650489
49.4816998, 8.4653288
49.4816998, 8.4653288
49.4816907, 8.4653598
49.4816019, 8.4656618
49.4815727, 8.4657646
49.4815727, 8.4657646
49.4815091, 8.4659886
49.4814753, 8.4660726
49.4814121, 8.4662263
49.4813495, 8.4663584
49.4812889, 8.4664796
49.4812889, 8.4664796
49.4812215, 8.4665902
49.4810847, 8.4668093
49.4810187, 8.4669124
49.480975, 8.4669814
49.4809497, 8.4670226
49.4809172, 8.4670798
49.4808919, 8.4671311
49.4808558, 8.4672117
49.4808558, 8.4672117
49.4807592, 8.4674509
49.4806262, 8.4677755
49.4804882, 8.4681132
49.4804175, 8.4683513
49.4803986, 8.4684282
49.4803771, 8.4685362
49.4803611, 8.468625
49.4803611, 8.468625
49.4803197, 8.4688555
49.4803093, 8.4689128
49.4802904, 8.4690149
49.4802904, 8.4690149
49.480289, 8.4690226
49.4802795, 8.4690829
49.4802739, 8.4691134
49.4802703, 8.4691317
49.4802635, 8.4691652
49.4802555, 8.4692049
49.480248, 8.469239
49.4800881, 8.4699594
49.4800881, 8.4699594
49.4800551, 8.4701031
49.4800507, 8.4701282
49.4800507, 8.4701282
49.4800401, 8.4702028
49.4800362, 8.4702404
49.4800349, 8.4702764
49.4800417, 8.4703242
49.4800477, 8.4703591
49.4800545, 8.4703892
49.4800634, 8.4704186
49.4800701, 8.4704348
49.4800781, 8.4704543
49.4800838, 8.4704685
49.480097, 8.4704955
49.4801087, 8.4705143
49.4801655, 8.4705982
49.4802097, 8.4706498
49.4802704, 8.4707057
49.4802704, 8.4707057
49.480966, 8.4713711
49.4810257, 8.471432
49.4811122, 8.4714884
49.4811475, 8.4715114
49.4814106, 8.4717056
49.4814106, 8.4717056
49.4816203, 8.4719163
49.4816203, 8.4719163
49.4817687, 8.4720638
49.4817687, 8.4720638
49.481838, 8.4721369
49.4818745, 8.4722011
49.4818947, 8.4722594
49.4819109, 8.4723245
49.4819221, 8.4723984
49.4819264, 8.4724627
49.481926, 8.4725181
49.481923, 8.4725624
49.4819161, 8.4726144
49.4819069, 8.4726627
49.4818902, 8.4727222
49.4818685, 8.4727882
49.4818685, 8.4727882
49.4817752, 8.4730055
49.4817645, 8.4730329
49.4816824, 8.4732425
49.4815891, 8.4734799
49.4815719, 8.4735233
49.4815702, 8.4735276
49.4815702, 8.4735276
49.4815594, 8.4735611
49.4815504, 8.4735978
49.4815438, 8.4736323
49.48154, 8.473668
49.4815391, 8.4737
49.4815402, 8.473728
49.4815426, 8.473751
49.4815463, 8.4737754
49.4815511, 8.4738068
49.4815605, 8.4738612
49.4815675, 8.4739078
49.4815711, 8.4739514
49.4815696, 8.474001
49.4815666, 8.4740316
49.4815613, 8.4740854
49.4815437, 8.4741801
49.4815289, 8.4742542
49.4814412, 8.4746933
49.4814412, 8.4746933
49.4813738, 8.4750305
49.4811833, 8.4759918
49.4811111, 8.4763543
49.4810548, 8.4766319
49.4809072, 8.477362
49.4808571, 8.4775655
49.4808503, 8.4775929
49.4806809, 8.4781433
49.4805872, 8.4784492
49.4802701, 8.4794847
49.4801073, 8.4799688
49.4798979, 8.4805156
49.4797861, 8.4808075
49.4797553, 8.4808735
49.4797136, 8.4809487
49.4796657, 8.4810139
49.47954, 8.4811717
49.4793124, 8.4814465
49.4789123, 8.4819407
49.4788251, 8.4820446
49.4787177, 8.4821727
49.4787004, 8.4821933
49.4782327, 8.4827644
49.4779388, 8.4831293
49.477685, 8.4834346
49.4774617, 8.4837206
49.4772032, 8.4840795
49.4770907, 8.4842739
49.4768952, 8.484651
49.4767703, 8.4849259
49.4766535, 8.4852418
49.4765907, 8.4854426
49.4765389, 8.4856282
49.4765277, 8.4856759
49.4764693, 8.4859248
49.4764629, 8.4859754
49.4764158, 8.4861926
49.4763748, 8.4864564
49.4763449, 8.4867091
49.4763145, 8.4871063
49.4763134, 8.4871954
49.476312, 8.4873129
49.4763117, 8.4873698
49.4763117, 8.4873698
49.4763112, 8.4876494
49.4763165, 8.4877984
49.4763285, 8.4880897
49.4763421, 8.4882395
49.476352, 8.4883099
49.4763672, 8.4884228
49.4763767, 8.4884632
49.4764056, 8.488634
49.4764188, 8.4886998
49.4764996, 8.4891811
49.4765232, 8.4893154
49.4766494, 8.4900332
49.4766764, 8.4901959
49.4766974, 8.4903223
49.4767304, 8.4905219
49.4767558, 8.4906246
49.4767808, 8.4906993
49.4768076, 8.490763
49.4768076, 8.490763
49.4768349, 8.4908125
49.4768657, 8.4908646
49.4768877, 8.4908944
49.4769234, 8.4909368
49.4769722, 8.4909901
49.4775445, 8.4915142
49.4775988, 8.4915648
49.4776466, 8.4916082
49.4777356, 8.4916894
49.4778454, 8.4917896
49.477906, 8.4918449
49.4779521, 8.4918869
49.4779904, 8.4919219
49.478572, 8.4924539
49.4792339, 8.4930699
49.479346, 8.4931864
49.479408, 8.493276
49.4794588, 8.4933715
49.4795016, 8.4934885
49.479519, 8.4935494
49.4795276, 8.493593
49.479542, 8.4936779
49.479552, 8.4938015
49.479549, 8.4939058
49.4795441, 8.4939726
49.4795354, 8.4940403
49.4795098, 8.4941564
49.4794541, 8.4943202
49.4793824, 8.4945032
49.4793824, 8.4945032
49.4789751, 8.4955502
49.4786343, 8.4964265
49.4785361, 8.4966791
49.4785023, 8.4967648
49.4783057, 8.4972819
49.4782191, 8.4975583
49.4781593, 8.4978202
49.4781142, 8.498104
49.4781142, 8.498104
49.4780908, 8.498366
49.4780709, 8.4986469
49.4780572, 8.4988239
49.4780397, 8.4991357
49.4780016, 8.4996978
49.4779671, 8.500247
49.4779267, 8.5007899
49.4778909, 8.501341
49.4778664, 8.5017856
49.4778537, 8.5020594
49.4778461, 8.5022229
49.4778326, 8.502782
49.477821, 8.5033977
49.4778236, 8.503677
49.4778217, 8.5039984
49.4778259, 8.5049352
49.4778293, 8.5051664
49.4778399, 8.5053435
49.4778608, 8.5055061
49.4778988, 8.505699
49.4779525, 8.5059046
49.4780123, 8.506096
49.4780839, 8.5062993
49.478132, 8.5064439
49.4782156, 8.506696
49.4783415, 8.5071071
49.4784262, 8.50749
49.4784652, 8.5076955
49.478543, 8.508268
49.4785639, 8.5086449
49.47857, 8.5089766
49.4785626, 8.5093378
49.4785419, 8.5098712
49.4785172, 8.5104263
49.4784926, 8.5111079
49.4784648, 8.5117695
49.4784488, 8.5127687
49.4784426, 8.5131956
49.4784426, 8.5132111
49.4784427, 8.5141584
49.4784442, 8.5151376
49.4784454, 8.5161589
49.4784409, 8.5167834
49.478432, 8.5174335
49.4784224, 8.5179443
49.4784126, 8.5181534
49.4783803, 8.5187348
49.4783632, 8.5190684
49.4783621, 8.519089
49.4783251, 8.5196294
49.4783018, 8.5199364
49.4782941, 8.5200386
49.47828, 8.5202149
49.4782571, 8.5204967
49.4782417, 8.520673
49.4782358, 8.5207506
49.4782196, 8.5209543
49.4782067, 8.5210333
49.4782067, 8.5210333
49.4781771, 8.5211827
49.4781457, 8.5213284
49.4781009, 8.5214704
49.4779867, 8.5217612
49.4779867, 8.5217612
49.4779314, 8.5219044
49.4779314, 8.5219044
49.4777156, 8.5224649
49.4776844, 8.5225457
49.4776844, 8.5225457
49.4774512, 8.5231576
