49.4800881, 8.4699594
49.4800551, 8.4701031
49.4800507, 8.4701282
49.4800507, 8.4701282
49.4800401, 8.4702028
49.4800362, 8.4702404
49.4800349, 8.4702764
49.4800417, 8.4703242
49.4800477, 8.4703591
49.4800545, 8.4703892
49.4800634, 8.4704186
49.4800701, 8.4704348
49.4800781, 8.4704543
49.4800838, 8.4704685
49.480097, 8.4704955
49.4801087, 8.4705143
49.4801655, 8.4705982
49.4802097, 8.4706498
49.4802704, 8.4707057
49.4802704, 8.4707057
49.4805781, 8.4709362
49.4805781, 8.4709362
49.4809469, 8.4712909
49.4809828, 8.4713254
49.4810485, 8.4713714
49.481082, 8.4713985
49.4811036, 8.4714156
49.4811683, 8.4714667
49.4811836, 8.4714792
49.4814238, 8.4716593
49.4814238, 8.4716593
49.4816341, 8.4718666
49.4816341, 8.4718666
49.4818037, 8.4720396
49.4818806, 8.4721121
49.4820834, 8.4723204
49.4822328, 8.4724693
49.48234, 8.472581
49.48234, 8.472581
49.4825281, 8.472767
49.4825281, 8.472767
49.4826795, 8.4729166
49.4826795, 8.4729166
49.482764, 8.4730036
49.4832405, 8.473479
49.483332, 8.4735702
49.4834075, 8.4736456
49.4835721, 8.4738137
49.4835721, 8.4738137
49.4836313, 8.4738754
49.4836537, 8.473898
49.4837285, 8.4739797
49.4837591, 8.474013
49.4839482, 8.4742241
49.4840544, 8.4743393
49.4841115, 8.4743924
49.4841115, 8.4743924
49.4841624, 8.4744368
49.4843325, 8.4745832
49.4843906, 8.4746314
49.4845522, 8.4747651
49.4847661, 8.4749404
49.4847661, 8.4749404
49.4849622, 8.4751006
49.4850259, 8.4751523
49.4850354, 8.4751603
49.4850354, 8.4751603
49.4850673, 8.4751873
49.4851079, 8.4752219
49.4851655, 8.4752668
49.4852928, 8.4753576
49.4854528, 8.4754542
49.4856185, 8.4755543
49.4857837, 8.4756422
49.4858834, 8.4756944
49.4859671, 8.4757384
49.4861027, 8.4757976
49.4861959, 8.4758302
49.4861959, 8.4758302
49.4863681, 8.4758851
49.4864907, 8.4759237
49.4866173, 8.4759592
49.4867825, 8.4759984
49.4869066, 8.4760227
49.4871142, 8.4760529
49.4872968, 8.4760721
49.4873487, 8.4760832
49.4873871, 8.4760967
49.4874289, 8.4761195
49.4874742, 8.4761633
49.4875203, 8.476227
49.4875518, 8.4762928
49.4875736, 8.4763514
49.4875874, 8.4764055
49.4875971, 8.4764697
49.4876025, 8.4765357
49.4876062, 8.4766281
49.4876062, 8.4766281
49.4876062, 8.4766558
49.4876303, 8.4773019
49.4876303, 8.4773019
49.4876486, 8.4778453
49.4876663, 8.478278
49.487672, 8.4784172
49.4876832, 8.4785857
49.4876886, 8.4786322
49.487706, 8.478745
49.4877367, 8.478868
49.4877722, 8.4789714
49.4878078, 8.4790522
49.4878452, 8.4791292
49.4878816, 8.4791939
49.4879296, 8.4792685
49.4879682, 8.4793227
49.4879973, 8.479357
49.4880831, 8.4794569
49.4880831, 8.4794569
49.4881445, 8.479523
49.4882272, 8.4796102
49.4884213, 8.4797999
49.4885938, 8.4799506
49.4887003, 8.4800411
49.488808, 8.4801209
49.4892046, 8.4803891
49.4893315, 8.4804728
49.4894386, 8.4805345
49.4894907, 8.4805617
49.4895611, 8.4806038
49.4896257, 8.4806502
49.4899397, 8.4808902
49.4903083, 8.4811675
49.4903083, 8.4811675
49.4921737, 8.4824596
49.4921737, 8.4824596
49.4923406, 8.4825756
49.4923406, 8.4825756
49.4926302, 8.4827778
49.492765, 8.482882
49.4928849, 8.4829979
49.4929862, 8.4831109
49.4930749, 8.4832274
49.4931569, 8.4833502
49.4931951, 8.4834118
49.4932223, 8.4834593
49.49341, 8.4837971
49.4937336, 8.4843761
49.4938515, 8.4845836
49.4939013, 8.4846722
49.493956, 8.4847832
49.4939931, 8.4848708
49.49402, 8.4849479
49.4940473, 8.4850377
49.4940837, 8.4851799
49.4941008, 8.4852467
49.4941239, 8.485333
49.494137, 8.4853874
49.4941653, 8.4855371
49.4941653, 8.4855371
49.4942922, 8.4862628
49.4943753, 8.4866674
49.494433, 8.486909
49.4945, 8.4871754
49.4945917, 8.4875106
49.4946306, 8.4876803
49.4946559, 8.4878233
49.494669, 8.4879969
49.494671, 8.4880749
49.4946672, 8.4882348
49.4946547, 8.4883619
49.4946395, 8.488468
49.494622, 8.488558
49.4945916, 8.4886672
49.4945608, 8.4887666
49.4945189, 8.4888756
49.4944739, 8.4889685
49.4944111, 8.4890726
49.4943295, 8.4891866
49.4935695, 8.4900988
49.4935048, 8.4901701
49.4934562, 8.4902241
49.4933909, 8.4902821
49.4933473, 8.4903143
49.4933043, 8.4903438
49.4932539, 8.4903744
49.4932074, 8.4903978
49.4931499, 8.4904229
49.4931013, 8.490441
49.49302, 8.4904652
49.4929423, 8.4904796
49.4928606, 8.4904909
49.4921216, 8.4905772
49.4918755, 8.4906091
49.4917849, 8.490629
49.4916763, 8.4906578
49.4916034, 8.490681
49.4915445, 8.4907039
49.4913993, 8.4907693
49.4913167, 8.490814
49.4912553, 8.4908519
49.491237, 8.4908632
49.491237, 8.4908632
49.4910926, 8.4909709
49.4910515, 8.4910046
49.4910046, 8.4910447
49.4909003, 8.491135
49.4907794, 8.4912536
49.4906697, 8.4913707
49.4905523, 8.4915025
49.4904652, 8.491612
49.4904349, 8.4916536
49.490383, 8.4917288
49.490334, 8.4918053
49.4902995, 8.4918592
49.4901898, 8.4920476
49.4900973, 8.4922337
49.4900165, 8.4924193
49.4899577, 8.4925877
49.4899057, 8.4927571
49.4898665, 8.4929236
49.4898335, 8.4931075
49.4898065, 8.4932956
49.4897867, 8.4935026
49.4897747, 8.4937167
49.489484, 8.5000791
49.4894437, 8.5009806
49.4894189, 8.5015934
49.4894112, 8.5017832
49.4894013, 8.5020367
49.4893872, 8.5024069
49.4893857, 8.5024341
49.4893351, 8.5036713
49.4893024, 8.5044163
49.4892655, 8.5052009
49.4889731, 8.5113735
49.4889398, 8.5120708
49.4889235, 8.5124437
49.4889156, 8.5125765
49.4888703, 8.5134246
49.4887711, 8.5151112
49.4887711, 8.5151112
49.4886896, 8.516409
49.4886896, 8.516409
49.4886627, 8.517023
49.4886595, 8.51722
49.4886648, 8.5173163
49.4886732, 8.5173831
49.4886883, 8.5174466
49.4887081, 8.5175176
49.4887305, 8.5175855
49.4887563, 8.5176384
49.4887767, 8.5176769
49.4888031, 8.5177211
49.4888332, 8.517762
49.4888905, 8.5178209
49.4889485, 8.5178691
49.4890079, 8.5179051
49.4891428, 8.5179708
49.4892729, 8.5180321
49.4893904, 8.5180944
49.4895183, 8.5181726
49.4896347, 8.5182577
49.4897411, 8.5183428
49.4898223, 8.5184155
49.4898974, 8.5184907
49.4899863, 8.5185802
49.4900648, 8.5186749
49.4901306, 8.5187572
49.4902155, 8.5188743
49.4903182, 8.5190286
49.4904482, 8.5192357
49.4905793, 8.5194465
49.4907332, 8.5196758
49.4908628, 8.5198514
49.4909854, 8.5200056
49.4910977, 8.5201327
49.4912152, 8.5202524
49.4913, 8.5203335
49.4914474, 8.5204607
49.4915481, 8.5205354
49.4916456, 8.5206069
49.4917282, 8.5206641
49.491831, 8.5207306
49.491956, 8.5208012
49.4920906, 8.5208687
49.4921942, 8.5209139
49.4923136, 8.5209642
49.4924673, 8.521018
49.492606, 8.521059
49.4927258, 8.5210846
49.4928742, 8.521104
49.492994, 8.5211084
49.4931053, 8.5211022
49.4931932, 8.5210909
49.493282, 8.5210753
49.4933895, 8.5210514
49.4935406, 8.5210067
49.4936421, 8.5209728
49.4937406, 8.520933
49.4938954, 8.520862
49.4940506, 8.5207777
49.4942104, 8.5206779
49.4943529, 8.5205874
49.4943529, 8.5205874
49.4944018, 8.5205614
49.4944565, 8.5205422
49.494515, 8.5205345
49.4945672, 8.5205375
49.4946114, 8.5205472
49.4946512, 8.5205652
49.4946891, 8.5205896
49.4947719, 8.5206653
49.4948237, 8.5207431
49.4948613, 8.5208202
49.4948909, 8.5209149
49.4949124, 8.5210184
49.494926, 8.5211397
49.4949405, 8.521307
49.4949897, 8.5220209
49.4950204, 8.5224233
49.4950406, 8.5226434
49.4950723, 8.5229527
49.4951168, 8.5233224
49.4951881, 8.5238446
49.4952399, 8.5242011
49.4952704, 8.5244214
49.4953505, 8.5249774
