49.45990, 8.51717
49.4599507, 8.5170583
49.4599878, 8.5169606
49.4600228, 8.5168713
49.4600805, 8.5167591
49.4601438, 8.5166756
49.4602161, 8.5166139
49.4603025, 8.5165715
49.4603645, 8.5165607
49.4604384, 8.5165644
49.4605108, 8.516588
49.4605992, 8.5166447
49.4619355, 8.517832
49.4620363, 8.5179197
49.4620363, 8.5179197
49.4627476, 8.5185517
49.4627476, 8.5185517
49.464027, 8.5196882
49.4640996, 8.5197518
49.4648353, 8.5204035
49.465026, 8.5205725
49.4651948, 8.5207193
49.4653064, 8.5208057
49.4653839, 8.5208617
49.4654904, 8.5209293
49.4655786, 8.5209789
49.4659476, 8.5211727
49.4669463, 8.5216898
49.4670959, 8.5217735
49.4674394, 8.5219479
49.4675416, 8.5219868
49.467657, 8.5220262
49.4677823, 8.5220557
49.4678884, 8.5220775
49.4679964, 8.5220947
49.4683667, 8.5221668
49.4687995, 8.5222467
49.4692469, 8.5223308
49.4694058, 8.522359
49.4695521, 8.5223869
49.4697422, 8.5224374
49.4699266, 8.5224971
49.470105, 8.5225666
49.470252, 8.5226342
49.4703888, 8.5227064
49.4705098, 8.5227758
49.4706215, 8.5228426
49.4707905, 8.5229523
49.4708202, 8.5229742
49.470958, 8.5230841
49.4709836, 8.5231031
49.4710356, 8.5231441
49.4711125, 8.5232085
49.4712504, 8.523328
49.4712981, 8.5233786
49.4713662, 8.5234468
49.4717114, 8.5238158
49.4718222, 8.5239206
49.4719345, 8.5240127
49.47206, 8.5240987
49.4721637, 8.5241573
49.4722839, 8.5242132
49.4724266, 8.5242617
49.472562, 8.5242929
49.4726974, 8.5243053
49.4728443, 8.5243094
49.4729521, 8.5242963
49.4730724, 8.5242756
49.4731699, 8.5242472
49.473359, 8.5241836
49.4735471, 8.5241138
49.4737308, 8.5240717
49.4738835, 8.5240447
49.4741498, 8.5240367
49.4743069, 8.5240518
49.4744855, 8.5240851
49.4745431, 8.5241018
49.4745652, 8.5241072
49.4746428, 8.5241309
49.475059, 8.5242852
49.4751586, 8.5243241
49.4752786, 8.5243709
49.4752962, 8.5243775
49.475479, 8.5244438
49.475545, 8.524463
49.475545, 8.524463
49.4758546, 8.5245436
49.4758746, 8.5245495
49.4758746, 8.5245495
49.4759226, 8.5245617
49.4760098, 8.5245841
49.4761374, 8.5246188
49.4762824, 8.5246642
49.476416, 8.5247217
49.4765308, 8.5247767
49.4765742, 8.5247979
49.4765742, 8.5247979
49.4767455, 8.5248843
49.4767804, 8.524899
49.476808, 8.5249087
49.4768409, 8.5249145
49.4768729, 8.5249125
49.4769158, 8.5248988
49.4769531, 8.5248779
49.476992, 8.5248393
49.4770409, 8.5247767
49.4770683, 8.5247343
49.47709, 8.5246799
49.47709, 8.5246799
49.4771223, 8.5245937
49.4771571, 8.5244581
49.4771571, 8.5244581
49.4771685, 8.5243765
49.4771698, 8.5243619
49.4771698, 8.5243619
49.4772275, 8.5239828
49.4772493, 8.5238373
49.477263, 8.5237713
49.4772755, 8.5237227
49.4772925, 8.5236662
49.4773782, 8.5234308
49.4773782, 8.5234308
49.4774005, 8.5233733
49.4776336, 8.522763
49.4776782, 8.5226503
49.4777184, 8.522535
49.4777184, 8.522535
49.4777374, 8.5224841
49.4777533, 8.522443
49.4778892, 8.5220845
49.4779348, 8.5219757
49.4779348, 8.5219757
49.478097, 8.5215443
49.4781742, 8.5213373
49.478218, 8.5211446
49.4782364, 8.521047
49.4782484, 8.5209556
49.4782542, 8.5208728
49.4782647, 8.5207184
49.4782895, 8.5204143
49.4783147, 8.5201021
49.4783485, 8.5196349
49.4783867, 8.5191782
49.4784109, 8.5187394
49.4784239, 8.5185315
49.4784421, 8.5181581
49.4784505, 8.5179481
49.4784575, 8.5175444
49.4784587, 8.5174227
49.4784661, 8.516683
49.4784684, 8.5161695
49.4784704, 8.5157154
49.4784674, 8.5148398
49.4784674, 8.5139224
49.4784736, 8.5132129
49.4784741, 8.5131558
49.4784763, 8.5126862
49.4784778, 8.5123787
49.4784852, 8.5119323
49.4784907, 8.5117713
49.4785099, 8.5112131
49.4785333, 8.5106852
49.478553, 8.5102303
49.4785745, 8.5097338
49.4785885, 8.5093402
49.478593, 8.5089273
49.4785905, 8.5086392
49.4785711, 8.508263
49.478493, 8.5076818
49.478454, 8.5074728
49.4783699, 8.5070794
49.4782636, 8.5067306
49.4781922, 8.5065189
49.4780938, 8.5062272
49.4780181, 8.5060115
49.4779918, 8.5059367
49.4779771, 8.5058872
49.4779355, 8.5057476
49.4779073, 8.5056318
49.4778923, 8.5055359
49.4778602, 8.5052772
49.4778483, 8.5050332
49.4778467, 8.504664
49.4778503, 8.5041582
49.4778467, 8.5037019
49.4778483, 8.5034051
49.4778495, 8.5031662
49.477861, 8.5025463
49.4778667, 8.5023981
49.4778804, 8.5020436
49.4778987, 8.5016006
49.4779318, 8.5011364
49.4779744, 8.500447
49.4780165, 8.4998671
49.4780607, 8.499214
49.4780847, 8.498828
49.4780979, 8.4986583
49.4781258, 8.4983719
49.4781566, 8.4981527
49.4781828, 8.4979964
49.4781999, 8.4979037
49.478274, 8.4975901
49.4783535, 8.4973358
49.478476, 8.4970032
49.4785847, 8.4967253
49.4789122, 8.4958837
49.4790132, 8.4956241
49.4794263, 8.4945581
49.4794674, 8.4944368
49.4795071, 8.494306
49.4795404, 8.494181
49.4795643, 8.4940693
49.4795801, 8.4939463
49.4795845, 8.4938212
49.4795764, 8.4937001
49.4795558, 8.493577
49.4795463, 8.4935352
49.4795295, 8.4934696
49.4794957, 8.4933747
49.4794489, 8.4932796
49.4793966, 8.4931923
49.4793228, 8.4931106
49.4792011, 8.4929953
49.478637, 8.4924712
49.4782624, 8.4921271
49.4780198, 8.4919029
49.4779639, 8.491852
49.4779173, 8.4918096
49.4778353, 8.4917348
49.477725, 8.4916344
49.4776597, 8.4915749
49.4776119, 8.4915317
49.477574, 8.4914965
49.4770079, 8.4909748
49.4769742, 8.4909393
49.4769045, 8.4908605
49.4768653, 8.4907994
49.4768358, 8.4907477
49.4768358, 8.4907477
49.4768193, 8.4907115
49.476802, 8.4906675
49.4767821, 8.4906082
49.4767575, 8.4905057
49.4767246, 8.4903199
49.4766366, 8.4898091
49.4766047, 8.489616
49.4765595, 8.4893426
49.4765326, 8.4891801
49.476444, 8.4886985
49.476444, 8.4886985
49.4764403, 8.4886542
49.476405, 8.4884634
49.4763989, 8.4884277
49.4763909, 8.4883724
49.4763833, 8.4883231
49.4763704, 8.4882395
49.4763632, 8.4881656
49.4763531, 8.4880645
49.4763457, 8.4879027
49.4763365, 8.487612
49.4763373, 8.4874203
49.4763376, 8.4873597
49.4763437, 8.4871054
49.4763703, 8.4867194
49.4764243, 8.4863356
49.4764421, 8.4862029
49.4764905, 8.4859544
49.476493, 8.4859416
49.4765495, 8.4856899
49.4766787, 8.4852624
49.476924, 8.4846795
49.476934, 8.4846558
49.4772282, 8.48412
49.4774847, 8.4837622
49.4776692, 8.4835417
49.4779593, 8.4831779
49.4779706, 8.4831641
49.478304, 8.4827553
49.4785669, 8.4824293
49.4787503, 8.482202
49.4788623, 8.4820632
49.4789164, 8.4819967
49.4790453, 8.4818384
49.4793312, 8.4814785
49.4795518, 8.4812112
49.4795578, 8.4812038
49.4796977, 8.4810311
49.4797376, 8.4809747
49.4797775, 8.4809051
49.4798096, 8.4808311
49.4801307, 8.4799935
49.4802973, 8.4794851
49.4807075, 8.4781526
49.4807157, 8.4781265
49.4807831, 8.4779107
49.4808644, 8.4776505
49.4808777, 8.4776059
49.4809369, 8.4773762
49.4810069, 8.4770341
49.4810411, 8.4768531
49.4810799, 8.4766457
49.4811364, 8.4763625
49.4812095, 8.4760036
49.4813714, 8.4751752
49.4813975, 8.4750418
49.4814094, 8.4749811
49.4815005, 8.4745366
49.4815263, 8.4744086
49.4815527, 8.4742658
49.4815527, 8.4742658
49.4815658, 8.4742019
49.4815857, 8.4741051
49.4815962, 8.4740376
49.4816014, 8.4739667
49.4815994, 8.4739072
49.4815922, 8.4738565
49.4815865, 8.4738221
49.4815809, 8.4737815
49.481575, 8.4737391
49.4815737, 8.4737121
49.4815738, 8.4736819
49.4815765, 8.4736428
49.4815807, 8.4736117
49.4815897, 8.4735752
49.481599, 8.4735432
49.4816173, 8.4734927
49.4816173, 8.4734927
49.4817914, 8.4730562
49.4818613, 8.4728808
49.4818952, 8.4727992
49.4818952, 8.4727992
49.4819201, 8.472746
49.481943, 8.4727001
49.4819699, 8.472651
49.4819977, 8.472616
49.4820294, 8.4725814
49.4820781, 8.4725442
49.4821356, 8.4725185
49.4821731, 8.4725135
49.4822194, 8.4725159
49.4822624, 8.4725271
49.48234, 8.472581
49.48234, 8.472581
49.4825281, 8.472767
49.4825281, 8.472767
49.4825874, 8.4728191
49.4826238, 8.4728462
49.482658, 8.4728677
49.4827099, 8.4728962
49.4827654, 8.4729308
49.4827876, 8.4729482
49.4828147, 8.4729715
49.4828627, 8.4730168
49.4831984, 8.4733468
49.4832645, 8.4734152
49.4833586, 8.4735127
49.4833884, 8.4735436
49.483593, 8.4737684
49.483593, 8.4737684
49.4836516, 8.4738321
49.4836721, 8.473855
49.4837433, 8.4739369
49.4837911, 8.4739915
49.4838847, 8.4740938
49.4840778, 8.4743035
49.4841347, 8.4743523
49.4841347, 8.4743523
49.4841611, 8.4743691
49.4841804, 8.4743815
49.4842038, 8.4743936
49.4842328, 8.4744014
49.4842612, 8.474405
49.4842856, 8.4744043
49.4843141, 8.4744002
49.4843406, 8.4743906
49.4843672, 8.4743778
49.4843869, 8.4743644
49.4844162, 8.4743403
49.484447, 8.474311
49.4844963, 8.4742579
49.4845323, 8.4742198
49.4845608, 8.4741889
49.4845867, 8.4741599
49.4846165, 8.474122
49.4846397, 8.4740883
49.4846634, 8.4740493
49.4846833, 8.4740068
49.4846957, 8.4739804
49.4846957, 8.4739804
49.4847901, 8.4737343
49.4849675, 8.473276
49.4850436, 8.4730762
49.4851867, 8.4726894
49.4852799, 8.4724486
49.4854211, 8.4720727
49.4854659, 8.4719653
49.485523, 8.4718323
49.4855618, 8.471748
49.4856017, 8.4716679
49.4856497, 8.4715748
49.4857021, 8.4714742
49.4857501, 8.4713738
49.4857887, 8.4712852
49.4858244, 8.4711995
49.4859757, 8.470834
49.4861574, 8.4703565
49.4862948, 8.4700022
49.4864722, 8.4695279
49.4865337, 8.4693754
49.4865947, 8.4692322
49.4866969, 8.4689952
49.4867248, 8.4689238
49.4867928, 8.4687501
49.4870438, 8.468104
49.4871098, 8.4679336
49.4874428, 8.4670791
49.4874738, 8.4669968
49.4875812, 8.4667201
49.4876264, 8.4666054
49.4876264, 8.4666054
49.4876994, 8.4664142
49.4877207, 8.4663579
49.4877577, 8.4662638
49.4877667, 8.4662408
49.4877741, 8.4662221
49.4877808, 8.4662042
49.4879052, 8.4658873
49.4879052, 8.4658873
49.4880996, 8.4653785
49.4881096, 8.4653524
49.4884294, 8.4645302
49.4887518, 8.4636979
49.4888278, 8.4634957
49.4889621, 8.4630883
49.4890435, 8.4628542
49.4890572, 8.4628169
49.4892042, 8.4624182
49.4893545, 8.462002
49.4896264, 8.4612543
49.4898135, 8.4607394
49.4901855, 8.459716
49.4903857, 8.4592274
49.4903857, 8.4592274
49.4906586, 8.4586337
49.4907849, 8.4583574
49.4907849, 8.4583574
49.4907931, 8.4583405
49.4908345, 8.4582516
49.4908345, 8.4582516
49.4909504, 8.4580029
49.4910358, 8.4578197
49.4911438, 8.4575805
49.4912859, 8.4572469
49.4913834, 8.4569913
49.4914976, 8.4566593
49.491589, 8.4563214
49.4916504, 8.4560174
49.4917003, 8.4557253
49.4917003, 8.4557253
49.4917088, 8.4556635
49.4917433, 8.4553993
49.4917751, 8.4551162
49.4917968, 8.4548855
49.4918202, 8.4545699
49.4918386, 8.4542276
49.4918509, 8.4539094
49.4918532, 8.4537877
49.4918564, 8.4536126
49.4918581, 8.4533951
49.4918581, 8.4533951
49.4918587, 8.4533115
49.491852, 8.4530311
49.4918419, 8.4527875
49.4918275, 8.4525319
49.4918052, 8.4522651
49.491779, 8.4520232
49.4917372, 8.4516647
49.4916859, 8.4513422
49.4916325, 8.4510454
49.4915595, 8.4507057
49.4914753, 8.4503575
49.4913762, 8.4499878
49.4912736, 8.4496541
49.49117, 8.4493385
49.4910619, 8.4490305
49.4909154, 8.4486248
49.4909154, 8.4486248
49.4907856, 8.4482954
49.4906752, 8.4480124
49.4904914, 8.4475475
49.4902863, 8.4470354
49.4900936, 8.4465448
49.4898044, 8.4458474
49.489397, 8.4448221
49.4891536, 8.4442083
49.4889981, 8.4438223
49.4889045, 8.4435933
49.4887853, 8.4433771
49.48869, 8.4432365
49.4885674, 8.4430881
49.4884476, 8.4429706
49.4883356, 8.4428822
49.4882136, 8.4428033
49.4880247, 8.442721
49.4878787, 8.4426703
49.4876185, 8.4426129
49.4876185, 8.4426129
49.4871721, 8.4425114
49.4867728, 8.4424353
49.4864962, 8.4424312
49.4862762, 8.442487
49.4859983, 8.4425911
49.4857814, 8.4427269
49.4854433, 8.4430789
49.4854433, 8.4430789
49.4852373, 8.4433055
49.4851069, 8.4434369
49.485009, 8.4435353
49.4849045, 8.443664
49.48483, 8.4437965
49.48483, 8.4437965
49.484806, 8.4438715
49.4847989, 8.4440266
49.4848325, 8.4441843
49.4849099, 8.4443103
49.4849099, 8.4443103
49.4850602, 8.4444816
49.4852128, 8.4446556
49.4852646, 8.4447162
49.4853146, 8.4447999
49.4853527, 8.4448951
49.4853527, 8.4448951
49.4853808, 8.444999
49.4853946, 8.4450817
49.4853983, 8.4451788
49.4853939, 8.4452423
49.4853846, 8.4453231
49.4853715, 8.4453837
49.4853433, 8.4454596
49.4853293, 8.445493
49.4853293, 8.445493
49.4853087, 8.4455311
49.4852961, 8.4455551
49.4852939, 8.4455594
49.4852736, 8.4455908
49.4852422, 8.4456392
49.4851794, 8.4457243
49.4851794, 8.4457243
49.4851598, 8.4457508
49.4850991, 8.4458366
49.4847384, 8.4462651
49.4847384, 8.4462651
49.4846453, 8.4463784
49.4845895, 8.4464491
49.4845895, 8.4464491
49.4845572, 8.4464887
49.4840238, 8.4471374
49.4839589, 8.4472204
49.4839589, 8.4472204
49.483951, 8.447231
49.4838784, 8.4473288
49.4838032, 8.4474302
49.4833159, 8.4480476
49.4832926, 8.4480762
49.4832169, 8.448169
49.4828123, 8.4486655
49.4827092, 8.448792
49.4823231, 8.4492623
49.4823231, 8.4492623
49.4822225, 8.4493979
49.4820983, 8.4495439
49.4820231, 8.4496151
49.4819065, 8.4497243
49.4818409, 8.4497762
49.4817342, 8.4498501
49.4817342, 8.4498501
49.4816142, 8.4499306
49.4815315, 8.4499862
49.4810426, 8.4503128
49.4808348, 8.450466
49.480729, 8.4505123
49.4806656, 8.4505332
49.4806611, 8.4505331
49.4806111, 8.4505502
49.4805493, 8.4505715
49.4802786, 8.4506639
49.4801715, 8.4506917
49.4801715, 8.4506917
49.479938, 8.4507645
49.4797522, 8.4508224
